515.748, 263.432,0, 0, 0, 0, 0
555.382, 262.953,0.03556, 0, 0, 0, 0
590.702, 262.457,0.07112, 0, 0, 0, 0
622.262, 261.861,0.10668, 0, 0, 0, 0
650.284, 261.21,0.14224, 0, 0, 0, 0
512.42, 304.512,0, 0.03556, 0, 0, 0
551.398, 302.746,0.03556, 0.03556, 0, 0, 0
586.609, 300.795,0.07112, 0.03556, 0, 0, 0
618.072, 298.619,0.10668, 0.03556, 0, 0, 0
646.013, 296.402,0.14224, 0.03556, 0, 0, 0
507.922, 343.491,0, 0.07112, 0, 0, 0
546.373, 340.571,0.03556, 0.07112, 0, 0, 0
581.267, 337.295,0.07112, 0.07112, 0, 0, 0
612.52, 333.784,0.10668, 0.07112, 0, 0, 0
640.382, 330.263,0.14224, 0.07112, 0, 0, 0
502.837, 379.88,0, 0.10668, 0, 0, 0
540.518, 376.046,0.03556, 0.10668, 0, 0, 0
574.887, 371.734,0.07112, 0.10668, 0, 0, 0
605.9, 367.098,0.10668, 0.10668, 0, 0, 0
633.697, 362.392,0.14224, 0.10668, 0, 0, 0
497.207, 413.376,0, 0.14224, 0, 0, 0
534.009, 408.828,0.03556, 0.14224, 0, 0, 0
567.846, 403.797,0.07112, 0.14224, 0, 0, 0
598.463, 398.352,0.10668, 0.14224, 0, 0, 0
626.062, 392.796,0.14224, 0.14224, 0, 0, 0
384.85, 263.84,0, 0, -0.1, 0, 0
433.198, 263.981,0.03556, 0, -0.1, 0, 0
479.139, 263.876,0.07112, 0, -0.1, 0, 0
521.746, 263.557,0.10668, 0, -0.1, 0, 0
560.586, 263.095,0.14224, 0, -0.1, 0, 0
383.539, 307.561,0, 0.03556, -0.1, 0, 0
431.011, 307.002,0.03556, 0.03556, -0.1, 0, 0
476.155, 305.959,0.07112, 0.03556, -0.1, 0, 0
518.177, 304.415,0.10668, 0.03556, -0.1, 0, 0
556.634, 302.576,0.14224, 0.03556, -0.1, 0, 0
381.903, 348.604,0, 0.07112, -0.1, 0, 0
428.214, 347.526,0.03556, 0.07112, -0.1, 0, 0
472.379, 345.736,0.07112, 0.07112, -0.1, 0, 0
513.669, 343.153,0.10668, 0.07112, -0.1, 0, 0
551.591, 340.102,0.14224, 0.07112, -0.1, 0, 0
380.265, 386.647,0, 0.10668, -0.1, 0, 0
425.129, 385.148,0.03556, 0.10668, -0.1, 0, 0
468.058, 382.738,0.07112, 0.10668, -0.1, 0, 0
508.359, 379.304,0.10668, 0.10668, -0.1, 0, 0
545.598, 375.374,0.14224, 0.10668, -0.1, 0, 0
378.57, 421.238,0, 0.14224, -0.1, 0, 0
421.843, 419.487,0.03556, 0.14224, -0.1, 0, 0
463.455, 416.58,0.07112, 0.14224, -0.1, 0, 0
502.615, 412.648,0.10668, 0.14224, -0.1, 0, 0
539.011, 407.977,0.14224, 0.14224, -0.1, 0, 0
244.038, 262.718,0, 0, -0.2, 0, 0
292.456, 263.421,0.03556, 0, -0.2, 0, 0
342.239, 263.946,0.07112, 0, -0.2, 0, 0
391.881, 264.136,0.10668, 0, -0.2, 0, 0
439.914, 264.158,0.14224, 0, -0.2, 0, 0
245.168, 306.082,0, 0.03556, -0.2, 0, 0
292.864, 307.209,0.03556, 0.03556, -0.2, 0, 0
341.646, 307.74,0.07112, 0.03556, -0.2, 0, 0
390.371, 307.657,0.10668, 0.03556, -0.2, 0, 0
437.577, 306.983,0.14224, 0.03556, -0.2, 0, 0
247.206, 346.944,0, 0.07112, -0.2, 0, 0
293.668, 348.391,0.03556, 0.07112, -0.2, 0, 0
341.221, 348.955,0.07112, 0.07112, -0.2, 0, 0
388.679, 348.573,0.10668, 0.07112, -0.2, 0, 0
434.711, 347.303,0.14224, 0.07112, -0.2, 0, 0
249.872, 384.837,0, 0.10668, -0.2, 0, 0
294.861, 386.487,0.03556, 0.10668, -0.2, 0, 0
340.912, 387.055,0.07112, 0.10668, -0.2, 0, 0
386.745, 386.439,0.10668, 0.10668, -0.2, 0, 0
431.367, 384.775,0.14224, 0.10668, -0.2, 0, 0
252.87, 419.35,0, 0.14224, -0.2, 0, 0
296.245, 421.208,0.03556, 0.14224, -0.2, 0, 0
340.682, 421.802,0.07112, 0.14224, -0.2, 0, 0
384.804, 420.98,0.10668, 0.14224, -0.2, 0, 0
427.91, 418.947,0.14224, 0.14224, -0.2, 0, 0
120.453, 260.124,0, 0, -0.3, 0, 0
160.087, 261.259,0.03556, 0, -0.3, 0, 0
203.839, 262.237,0.07112, 0, -0.3, 0, 0
250.57, 263.043,0.10668, 0, -0.3, 0, 0
299.403, 263.749,0.14224, 0, -0.3, 0, 0
123.32, 300.527,0, 0.03556, -0.3, 0, 0
162.79, 302.864,0.03556, 0.03556, -0.3, 0, 0
205.822, 304.888,0.07112, 0.03556, -0.3, 0, 0
251.792, 306.477,0.10668, 0.03556, -0.3, 0, 0
299.698, 307.434,0.14224, 0.03556, -0.3, 0, 0
127.837, 338.992,0, 0.07112, -0.3, 0, 0
166.545, 342.327,0.03556, 0.07112, -0.3, 0, 0
208.749, 345.158,0.07112, 0.07112, -0.3, 0, 0
253.662, 347.213,0.10668, 0.07112, -0.3, 0, 0
300.422, 348.51,0.14224, 0.07112, -0.3, 0, 0
133.405, 375.045,0, 0.10668, -0.3, 0, 0
171.347, 379.133,0.03556, 0.10668, -0.3, 0, 0
212.533, 382.581,0.07112, 0.10668, -0.3, 0, 0
256.126, 385.053,0.10668, 0.10668, -0.3, 0, 0
301.424, 386.545,0.14224, 0.10668, -0.3, 0, 0
139.758, 408.344,0, 0.14224, -0.3, 0, 0
176.831, 412.998,0.03556, 0.14224, -0.3, 0, 0
216.763, 416.851,0.07112, 0.14224, -0.3, 0, 0
258.961, 419.641,0.10668, 0.14224, -0.3, 0, 0
302.644, 421.153,0.14224, 0.14224, -0.3, 0, 0
27.9281, 256.969,0, 0, -0.4, 0, 0
56.4657, 258.129,0.03556, 0, -0.4, 0, 0
89.0259, 259.349,0.07112, 0, -0.4, 0, 0
125.62, 260.498,0.10668, 0, -0.4, 0, 0
165.949, 261.537,0.14224, 0, -0.4, 0, 0
31.353, 293.263,0, 0.03556, -0.4, 0, 0
59.9884, 295.883,0.03556, 0.03556, -0.4, 0, 0
92.3992, 298.524,0.07112, 0.03556, -0.4, 0, 0
128.644, 301.054,0.10668, 0.03556, -0.4, 0, 0
168.637, 303.261,0.14224, 0.03556, -0.4, 0, 0
36.6538, 328.176,0, 0.07112, -0.4, 0, 0
65.1372, 332.102,0.03556, 0.07112, -0.4, 0, 0
97.2587, 335.997,0.07112, 0.07112, -0.4, 0, 0
133.119, 339.596,0.10668, 0.07112, -0.4, 0, 0
172.344, 342.782,0.14224, 0.07112, -0.4, 0, 0
43.0557, 361.282,0, 0.10668, -0.4, 0, 0
71.5098, 366.325,0.03556, 0.10668, -0.4, 0, 0
103.327, 371.178,0.07112, 0.10668, -0.4, 0, 0
138.533, 375.635,0.10668, 0.10668, -0.4, 0, 0
177.134, 379.586,0.14224, 0.10668, -0.4, 0, 0
50.5457, 392.408,0, 0.14224, -0.4, 0, 0
78.7698, 398.254,0.03556, 0.14224, -0.4, 0, 0
110.212, 403.8,0.07112, 0.14224, -0.4, 0, 0
144.76, 408.929,0.10668, 0.14224, -0.4, 0, 0
182.393, 413.426,0.14224, 0.14224, -0.4, 0, 0
476.312, 251.045,0, 0, 0, 0, 0.1
509.552, 251.159,0.03556, 0, 0, 0, 0.1
540.443, 251.199,0.07112, 0, 0, 0, 0.1
569.075, 251.088,0.10668, 0, 0, 0, 0.1
595.428, 251.029,0.14224, 0, 0, 0, 0.1
474.445, 283.792,0, 0.03556, 0, 0, 0.1
507.262, 283.141,0.03556, 0.03556, 0, 0, 0.1
537.981, 282.367,0.07112, 0.03556, 0, 0, 0.1
566.451, 281.348,0.10668, 0.03556, 0, 0, 0.1
592.69, 280.422,0.14224, 0.03556, 0, 0, 0.1
471.906, 315.405,0, 0.07112, 0, 0, 0.1
504.383, 314.09,0.03556, 0.07112, 0, 0, 0.1
534.831, 312.568,0.07112, 0.07112, 0, 0, 0.1
563.061, 310.909,0.10668, 0.07112, 0, 0, 0.1
589.261, 308.995,0.14224, 0.07112, 0, 0, 0.1
469.141, 345.674,0, 0.10668, 0, 0, 0.1
501.049, 343.818,0.03556, 0.10668, 0, 0, 0.1
531.095, 341.583,0.07112, 0.10668, 0, 0, 0.1
559.106, 339.192,0.10668, 0.10668, 0, 0, 0.1
584.984, 336.657,0.14224, 0.10668, 0, 0, 0.1
466.012, 374.232,0, 0.14224, 0, 0, 0.1
497.428, 371.981,0.03556, 0.14224, 0, 0, 0.1
527.036, 369.217,0.07112, 0.14224, 0, 0, 0.1
554.654, 366.204,0.10668, 0.14224, 0, 0, 0.1
580.268, 362.981,0.14224, 0.14224, 0, 0, 0.1
372.543, 250.786,0, 0, -0.1, 0, 0.1
409.989, 250.959,0.03556, 0, -0.1, 0, 0.1
446.437, 251.144,0.07112, 0, -0.1, 0, 0.1
481.198, 251.18,0.10668, 0, -0.1, 0, 0.1
514.023, 251.207,0.14224, 0, -0.1, 0, 0.1
371.668, 284.628,0, 0.03556, -0.1, 0, 0.1
408.728, 284.572,0.03556, 0.03556, -0.1, 0, 0.1
444.796, 284.209,0.07112, 0.03556, -0.1, 0, 0.1
479.189, 283.742,0.10668, 0.03556, -0.1, 0, 0.1
511.714, 283.065,0.14224, 0.03556, -0.1, 0, 0.1
370.76, 317.376,0, 0.07112, -0.1, 0, 0.1
407.311, 316.969,0.03556, 0.07112, -0.1, 0, 0.1
442.715, 316.348,0.07112, 0.07112, -0.1, 0, 0.1
476.721, 315.209,0.10668, 0.07112, -0.1, 0, 0.1
508.772, 313.898,0.14224, 0.07112, -0.1, 0, 0.1
369.874, 348.565,0, 0.10668, -0.1, 0, 0.1
405.683, 347.978,0.03556, 0.10668, -0.1, 0, 0.1
440.43, 346.903,0.07112, 0.10668, -0.1, 0, 0.1
473.825, 345.317,0.10668, 0.10668, -0.1, 0, 0.1
505.484, 343.421,0.14224, 0.10668, -0.1, 0, 0.1
368.98, 378,0, 0.14224, -0.1, 0, 0.1
403.9, 377.23,0.03556, 0.14224, -0.1, 0, 0.1
437.895, 375.805,0.07112, 0.14224, -0.1, 0, 0.1
470.522, 373.839,0.10668, 0.14224, -0.1, 0, 0.1
501.729, 371.373,0.14224, 0.14224, -0.1, 0, 0.1
264.198, 249.88,0, 0, -0.2, 0, 0.1
301.646, 250.358,0.03556, 0, -0.2, 0, 0.1
339.873, 250.631,0.07112, 0, -0.2, 0, 0.1
377.95, 250.901,0.10668, 0, -0.2, 0, 0.1
415.271, 251.127,0.14224, 0, -0.2, 0, 0.1
264.614, 283.692,0, 0.03556, -0.2, 0, 0.1
301.688, 284.242,0.03556, 0.03556, -0.2, 0, 0.1
339.405, 284.627,0.07112, 0.03556, -0.2, 0, 0.1
377.051, 284.758,0.10668, 0.03556, -0.2, 0, 0.1
413.959, 284.616,0.14224, 0.03556, -0.2, 0, 0.1
265.494, 316.321,0, 0.07112, -0.2, 0, 0.1
301.934, 317.03,0.03556, 0.07112, -0.2, 0, 0.1
339.052, 317.418,0.07112, 0.07112, -0.2, 0, 0.1
376.03, 317.353,0.10668, 0.07112, -0.2, 0, 0.1
412.427, 316.928,0.14224, 0.07112, -0.2, 0, 0.1
266.719, 347.459,0, 0.10668, -0.2, 0, 0.1
302.537, 348.277,0.03556, 0.10668, -0.2, 0, 0.1
338.768, 348.719,0.07112, 0.10668, -0.2, 0, 0.1
374.975, 348.47,0.10668, 0.10668, -0.2, 0, 0.1
410.681, 347.812,0.14224, 0.10668, -0.2, 0, 0.1
268.222, 376.784,0, 0.14224, -0.2, 0, 0.1
303.179, 377.76,0.03556, 0.14224, -0.2, 0, 0.1
338.589, 378.212,0.07112, 0.14224, -0.2, 0, 0.1
373.975, 377.812,0.10668, 0.14224, -0.2, 0, 0.1
408.762, 376.889,0.14224, 0.14224, -0.2, 0, 0.1
164.147, 248.654,0, 0, -0.3, 0, 0.1
197.351, 249.227,0.03556, 0, -0.3, 0, 0.1
232.673, 249.665,0.07112, 0, -0.3, 0, 0.1
269.375, 250.175,0.10668, 0, -0.3, 0, 0.1
307.018, 250.527,0.14224, 0, -0.3, 0, 0.1
165.558, 281.057,0, 0.03556, -0.3, 0, 0.1
198.531, 282.121,0.03556, 0.03556, -0.3, 0, 0.1
233.362, 283.091,0.07112, 0.03556, -0.3, 0, 0.1
269.807, 283.884,0.10668, 0.03556, -0.3, 0, 0.1
307.057, 284.375,0.14224, 0.03556, -0.3, 0, 0.1
167.881, 312.384,0, 0.07112, -0.3, 0, 0.1
200.45, 314.054,0.03556, 0.07112, -0.3, 0, 0.1
234.833, 315.44,0.07112, 0.07112, -0.3, 0, 0.1
270.636, 316.468,0.10668, 0.07112, -0.3, 0, 0.1
307.261, 317.103,0.14224, 0.07112, -0.3, 0, 0.1
170.81, 342.424,0, 0.10668, -0.3, 0, 0.1
202.909, 344.574,0.03556, 0.10668, -0.3, 0, 0.1
236.694, 346.241,0.07112, 0.10668, -0.3, 0, 0.1
271.772, 347.555,0.10668, 0.10668, -0.3, 0, 0.1
307.683, 348.304,0.14224, 0.10668, -0.3, 0, 0.1
174.322, 370.916,0, 0.14224, -0.3, 0, 0.1
205.818, 373.42,0.03556, 0.14224, -0.3, 0, 0.1
238.854, 375.463,0.07112, 0.14224, -0.3, 0, 0.1
273.137, 376.873,0.10668, 0.14224, -0.3, 0, 0.1
308.223, 377.726,0.14224, 0.14224, -0.3, 0, 0.1
81.1894, 247.272,0, 0, -0.4, 0, 0.1
107.901, 247.836,0.03556, 0, -0.4, 0, 0.1
137.164, 248.371,0.07112, 0, -0.4, 0, 0.1
168.609, 248.955,0.10668, 0, -0.4, 0, 0.1
202.202, 249.431,0.14224, 0, -0.4, 0, 0.1
83.2033, 277.361,0, 0.03556, -0.4, 0, 0.1
109.871, 278.819,0.03556, 0.03556, -0.4, 0, 0.1
138.93, 280.102,0.07112, 0.03556, -0.4, 0, 0.1
170.129, 281.296,0.10668, 0.03556, -0.4, 0, 0.1
203.401, 282.364,0.14224, 0.03556, -0.4, 0, 0.1
86.2747, 306.635,0, 0.07112, -0.4, 0, 0.1
112.741, 308.818,0.03556, 0.07112, -0.4, 0, 0.1
141.489, 310.815,0.07112, 0.07112, -0.4, 0, 0.1
172.361, 312.608,0.10668, 0.07112, -0.4, 0, 0.1
205.268, 314.283,0.14224, 0.07112, -0.4, 0, 0.1
90.0002, 334.889,0, 0.10668, -0.4, 0, 0.1
116.327, 337.699,0.03556, 0.10668, -0.4, 0, 0.1
144.859, 340.358,0.07112, 0.10668, -0.4, 0, 0.1
175.29, 342.721,0.10668, 0.10668, -0.4, 0, 0.1
207.7, 344.785,0.14224, 0.10668, -0.4, 0, 0.1
94.5574, 361.927,0, 0.14224, -0.4, 0, 0.1
120.553, 365.242,0.03556, 0.14224, -0.4, 0, 0.1
148.642, 368.399,0.07112, 0.14224, -0.4, 0, 0.1
178.699, 371.19,0.10668, 0.14224, -0.4, 0, 0.1
210.437, 373.589,0.14224, 0.14224, -0.4, 0, 0.1
450.385, 243.048,0, 0, 0, 0, 0.2
478.594, 243.24,0.03556, 0, 0, 0, 0.2
505.46, 243.478,0.07112, 0, 0, 0, 0.2
530.907, 243.56,0.10668, 0, 0, 0, 0.2
554.861, 243.74,0.14224, 0, 0, 0, 0.2
449.21, 269.996,0, 0.03556, 0, 0, 0.2
477.071, 269.855,0.03556, 0.03556, 0, 0, 0.2
503.723, 269.555,0.07112, 0.03556, 0, 0, 0.2
529.079, 269.294,0.10668, 0.03556, 0, 0, 0.2
553.004, 268.775,0.14224, 0.03556, 0, 0, 0.2
447.654, 296.447,0, 0.07112, 0, 0, 0.2
475.278, 295.77,0.03556, 0.07112, 0, 0, 0.2
501.78, 295.155,0.07112, 0.07112, 0, 0, 0.2
526.943, 294.157,0.10668, 0.07112, 0, 0, 0.2
550.606, 293.181,0.14224, 0.07112, 0, 0, 0.2
445.884, 322.046,0, 0.10668, 0, 0, 0.2
473.26, 321.053,0.03556, 0.10668, 0, 0, 0.2
499.512, 319.92,0.07112, 0.10668, 0, 0, 0.2
524.279, 318.66,0.10668, 0.10668, 0, 0, 0.2
547.826, 317.157,0.14224, 0.10668, 0, 0, 0.2
443.998, 346.751,0, 0.14224, 0, 0, 0.2
471.026, 345.403,0.03556, 0.14224, 0, 0, 0.2
496.803, 343.93,0.07112, 0.14224, 0, 0, 0.2
521.494, 342.258,0.10668, 0.14224, 0, 0, 0.2
544.735, 340.359,0.14224, 0.14224, 0, 0, 0.2
364.824, 242.496,0, 0, -0.1, 0, 0.2
395.414, 242.818,0.03556, 0, -0.1, 0, 0.2
425.365, 243.03,0.07112, 0, -0.1, 0, 0.2
454.478, 243.168,0.10668, 0, -0.1, 0, 0.2
482.428, 243.392,0.14224, 0, -0.1, 0, 0.2
364.176, 270.095,0, 0.03556, -0.1, 0, 0.2
394.574, 270.195,0.03556, 0.03556, -0.1, 0, 0.2
424.281, 270.2,0.07112, 0.03556, -0.1, 0, 0.2
453.217, 270.045,0.10668, 0.03556, -0.1, 0, 0.2
481.015, 269.816,0.14224, 0.03556, -0.1, 0, 0.2
363.701, 297.193,0, 0.07112, -0.1, 0, 0.2
393.658, 297.114,0.03556, 0.07112, -0.1, 0, 0.2
423.024, 296.868,0.07112, 0.07112, -0.1, 0, 0.2
451.657, 296.39,0.10668, 0.07112, -0.1, 0, 0.2
479.159, 295.686,0.14224, 0.07112, -0.1, 0, 0.2
363.058, 323.438,0, 0.10668, -0.1, 0, 0.2
392.655, 323.221,0.03556, 0.10668, -0.1, 0, 0.2
421.668, 322.638,0.07112, 0.10668, -0.1, 0, 0.2
449.918, 321.9,0.10668, 0.10668, -0.1, 0, 0.2
477.048, 320.918,0.14224, 0.10668, -0.1, 0, 0.2
362.456, 348.607,0, 0.14224, -0.1, 0, 0.2
391.54, 348.15,0.03556, 0.14224, -0.1, 0, 0.2
420.144, 347.486,0.07112, 0.14224, -0.1, 0, 0.2
447.922, 346.419,0.10668, 0.14224, -0.1, 0, 0.2
474.735, 345.117,0.14224, 0.14224, -0.1, 0, 0.2
276.83, 241.799,0, 0, -0.2, 0, 0.2
307.462, 242.107,0.03556, 0, -0.2, 0, 0.2
338.378, 242.348,0.07112, 0, -0.2, 0, 0.2
369.197, 242.583,0.10668, 0, -0.2, 0, 0.2
399.784, 242.866,0.14224, 0, -0.2, 0, 0.2
276.99, 269.336,0, 0.03556, -0.2, 0, 0.2
307.357, 269.763,0.03556, 0.03556, -0.2, 0, 0.2
337.991, 270.027,0.07112, 0.03556, -0.2, 0, 0.2
368.665, 270.153,0.10668, 0.03556, -0.2, 0, 0.2
398.943, 270.165,0.14224, 0.03556, -0.2, 0, 0.2
277.412, 296.375,0, 0.07112, -0.2, 0, 0.2
307.391, 296.859,0.03556, 0.07112, -0.2, 0, 0.2
337.761, 297.087,0.07112, 0.07112, -0.2, 0, 0.2
367.994, 297.127,0.10668, 0.07112, -0.2, 0, 0.2
397.955, 296.985,0.14224, 0.07112, -0.2, 0, 0.2
278.042, 322.529,0, 0.10668, -0.2, 0, 0.2
307.66, 323.068,0.03556, 0.10668, -0.2, 0, 0.2
337.505, 323.34,0.07112, 0.10668, -0.2, 0, 0.2
367.288, 323.298,0.10668, 0.10668, -0.2, 0, 0.2
396.88, 322.95,0.14224, 0.10668, -0.2, 0, 0.2
278.871, 347.729,0, 0.14224, -0.2, 0, 0.2
307.94, 348.23,0.03556, 0.14224, -0.2, 0, 0.2
337.343, 348.541,0.07112, 0.14224, -0.2, 0, 0.2
366.645, 348.364,0.10668, 0.14224, -0.2, 0, 0.2
395.634, 347.958,0.14224, 0.14224, -0.2, 0, 0.2
193.497, 241.055,0, 0, -0.3, 0, 0.2
221.668, 241.391,0.03556, 0, -0.3, 0, 0.2
251.007, 241.714,0.07112, 0, -0.3, 0, 0.2
281.091, 241.986,0.10668, 0, -0.3, 0, 0.2
311.828, 242.172,0.14224, 0, -0.3, 0, 0.2
194.25, 267.932,0, 0.03556, -0.3, 0, 0.2
222.303, 268.546,0.03556, 0.03556, -0.3, 0, 0.2
251.293, 269.049,0.07112, 0.03556, -0.3, 0, 0.2
281.221, 269.55,0.10668, 0.03556, -0.3, 0, 0.2
311.741, 269.881,0.14224, 0.03556, -0.3, 0, 0.2
195.491, 294.165,0, 0.07112, -0.3, 0, 0.2
223.274, 295.057,0.03556, 0.07112, -0.3, 0, 0.2
252.055, 295.904,0.07112, 0.07112, -0.3, 0, 0.2
281.669, 296.459,0.10668, 0.07112, -0.3, 0, 0.2
311.763, 296.891,0.14224, 0.07112, -0.3, 0, 0.2
197.174, 319.625,0, 0.10668, -0.3, 0, 0.2
224.656, 320.806,0.03556, 0.10668, -0.3, 0, 0.2
253.107, 321.791,0.07112, 0.10668, -0.3, 0, 0.2
282.225, 322.543,0.10668, 0.10668, -0.3, 0, 0.2
311.926, 323.057,0.14224, 0.10668, -0.3, 0, 0.2
199.256, 344.137,0, 0.14224, -0.3, 0, 0.2
226.283, 345.738,0.03556, 0.14224, -0.3, 0, 0.2
254.309, 346.923,0.07112, 0.14224, -0.3, 0, 0.2
283.004, 347.746,0.10668, 0.14224, -0.3, 0, 0.2
312.137, 348.207,0.14224, 0.14224, -0.3, 0, 0.2
120.256, 240.425,0, 0, -0.4, 0, 0.2
144.49, 240.681,0.03556, 0, -0.4, 0, 0.2
170.228, 240.964,0.07112, 0, -0.4, 0, 0.2
197.348, 241.192,0.10668, 0, -0.4, 0, 0.2
225.741, 241.531,0.14224, 0, -0.4, 0, 0.2
121.479, 265.854,0, 0.03556, -0.4, 0, 0.2
145.62, 266.61,0.03556, 0.03556, -0.4, 0, 0.2
171.196, 267.413,0.07112, 0.03556, -0.4, 0, 0.2
198.116, 268.055,0.10668, 0.03556, -0.4, 0, 0.2
226.385, 268.713,0.14224, 0.03556, -0.4, 0, 0.2
123.394, 290.925,0, 0.07112, -0.4, 0, 0.2
147.224, 292.169,0.03556, 0.07112, -0.4, 0, 0.2
172.639, 293.338,0.07112, 0.07112, -0.4, 0, 0.2
199.375, 294.338,0.10668, 0.07112, -0.4, 0, 0.2
227.406, 295.242,0.14224, 0.07112, -0.4, 0, 0.2
125.633, 315.153,0, 0.10668, -0.4, 0, 0.2
149.444, 316.942,0.03556, 0.10668, -0.4, 0, 0.2
174.569, 318.437,0.07112, 0.10668, -0.4, 0, 0.2
201.054, 319.765,0.10668, 0.10668, -0.4, 0, 0.2
228.669, 320.908,0.14224, 0.10668, -0.4, 0, 0.2
128.495, 338.783,0, 0.14224, -0.4, 0, 0.2
152.08, 340.898,0.03556, 0.14224, -0.4, 0, 0.2
176.929, 342.777,0.07112, 0.14224, -0.4, 0, 0.2
203.045, 344.299,0.10668, 0.14224, -0.4, 0, 0.2
230.198, 345.848,0.14224, 0.14224, -0.4, 0, 0.2
517.091, 142.592,0, 0, 0, -0.1, 0
556.573, 146.036,0.03556, 0, 0, -0.1, 0
592.082, 149.947,0.07112, 0, 0, -0.1, 0
623.665, 154.048,0.10668, 0, 0, -0.1, 0
651.662, 157.961,0.14224, 0, 0, -0.1, 0
517.373, 184.371,0, 0.03556, 0, -0.1, 0
556.97, 186.636,0.03556, 0.03556, 0, -0.1, 0
592.483, 189.016,0.07112, 0.03556, 0, -0.1, 0
624.125, 191.398,0.10668, 0.03556, 0, -0.1, 0
652.11, 193.8,0.14224, 0.03556, 0, -0.1, 0
516.308, 226.832,0, 0.07112, 0, -0.1, 0
555.877, 227.631,0.03556, 0.07112, 0, -0.1, 0
591.403, 228.411,0.07112, 0.07112, 0, -0.1, 0
623.006, 229.114,0.10668, 0.07112, 0, -0.1, 0
650.969, 229.873,0.14224, 0.07112, 0, -0.1, 0
514.079, 268.947,0, 0.10668, 0, -0.1, 0
553.456, 268.199,0.03556, 0.10668, 0, -0.1, 0
588.78, 267.421,0.07112, 0.10668, 0, -0.1, 0
620.229, 266.56,0.10668, 0.10668, 0, -0.1, 0
648.202, 265.715,0.14224, 0.10668, 0, -0.1, 0
510.802, 309.705,0, 0.14224, 0, -0.1, 0
549.618, 307.71,0.03556, 0.14224, 0, -0.1, 0
584.776, 305.527,0.07112, 0.14224, 0, -0.1, 0
616.123, 303.106,0.10668, 0.14224, 0, -0.1, 0
644.051, 300.704,0.14224, 0.14224, 0, -0.1, 0
245.313, 135.065,0, 0, -0.2, -0.1, 0
293.815, 134.305,0.03556, 0, -0.2, -0.1, 0
343.67, 134.5,0.07112, 0, -0.2, -0.1, 0
393.201, 135.639,0.10668, 0, -0.2, -0.1, 0
441.267, 137.626,0.14224, 0, -0.2, -0.1, 0
243.877, 179.191,0, 0.03556, -0.2, -0.1, 0
292.795, 178.976,0.03556, 0.03556, -0.2, -0.1, 0
342.891, 179.228,0.07112, 0.03556, -0.2, -0.1, 0
392.794, 180.032,0.10668, 0.03556, -0.2, -0.1, 0
441.151, 181.326,0.14224, 0.03556, -0.2, -0.1, 0
243.552, 224.102,0, 0.07112, -0.2, -0.1, 0
292.242, 224.302,0.03556, 0.07112, -0.2, -0.1, 0
342.208, 224.657,0.07112, 0.07112, -0.2, -0.1, 0
392.032, 225.094,0.10668, 0.07112, -0.2, -0.1, 0
440.195, 225.68,0.14224, 0.07112, -0.2, -0.1, 0
244.051, 268.587,0, 0.10668, -0.2, -0.1, 0
292.314, 269.183,0.03556, 0.10668, -0.2, -0.1, 0
341.678, 269.634,0.07112, 0.10668, -0.2, -0.1, 0
390.882, 269.716,0.10668, 0.10668, -0.2, -0.1, 0
438.64, 269.542,0.14224, 0.10668, -0.2, -0.1, 0
245.398, 311.511,0, 0.14224, -0.2, -0.1, 0
292.812, 312.567,0.03556, 0.14224, -0.2, -0.1, 0
341.267, 312.995,0.07112, 0.14224, -0.2, -0.1, 0
389.56, 312.782,0.10668, 0.14224, -0.2, -0.1, 0
436.405, 312.002,0.14224, 0.14224, -0.2, -0.1, 0
121.655, 141.365,0, 0, -0.3, -0.1, 0
161.44, 138.569,0.03556, 0, -0.3, -0.1, 0
205.111, 136.397,0.07112, 0, -0.3, -0.1, 0
251.918, 134.988,0.10668, 0, -0.3, -0.1, 0
300.782, 134.398,0.14224, 0, -0.3, -0.1, 0
119.685, 182.473,0, 0.03556, -0.3, -0.1, 0
159.81, 181.05,0.03556, 0.03556, -0.3, -0.1, 0
203.59, 179.895,0.07112, 0.03556, -0.3, -0.1, 0
250.692, 179.212,0.10668, 0.03556, -0.3, -0.1, 0
299.876, 179.021,0.14224, 0.03556, -0.3, -0.1, 0
119.705, 224.185,0, 0.07112, -0.3, -0.1, 0
159.656, 224.072,0.03556, 0.07112, -0.3, -0.1, 0
203.4, 224.034,0.07112, 0.07112, -0.3, -0.1, 0
250.33, 224.095,0.10668, 0.07112, -0.3, -0.1, 0
299.324, 224.329,0.14224, 0.07112, -0.3, -0.1, 0
121.316, 265.56,0, 0.10668, -0.3, -0.1, 0
160.995, 266.718,0.03556, 0.10668, -0.3, -0.1, 0
204.367, 267.72,0.07112, 0.10668, -0.3, -0.1, 0
250.814, 268.562,0.10668, 0.10668, -0.3, -0.1, 0
299.324, 269.152,0.14224, 0.10668, -0.3, -0.1, 0
124.458, 305.609,0, 0.14224, -0.3, -0.1, 0
163.635, 308.016,0.03556, 0.14224, -0.3, -0.1, 0
206.404, 310.054,0.07112, 0.14224, -0.3, -0.1, 0
252.058, 311.553,0.10668, 0.14224, -0.3, -0.1, 0
299.667, 312.494,0.14224, 0.14224, -0.3, -0.1, 0
28.8208, 150.91,0, 0, -0.4, -0.1, 0
57.4164, 147.436,0.03556, 0, -0.4, -0.1, 0
90.1285, 144.178,0.07112, 0, -0.4, -0.1, 0
126.804, 141.037,0.10668, 0, -0.4, -0.1, 0
167.269, 138.363,0.14224, 0, -0.4, -0.1, 0
26.9623, 187.703,0, 0.03556, -0.4, -0.1, 0
55.6865, 185.844,0.03556, 0.03556, -0.4, -0.1, 0
88.3209, 184.022,0.07112, 0.03556, -0.4, -0.1, 0
125.109, 182.358,0.10668, 0.03556, -0.4, -0.1, 0
165.748, 180.924,0.14224, 0.03556, -0.4, -0.1, 0
27.1354, 224.849,0, 0.07112, -0.4, -0.1, 0
55.8684, 224.625,0.03556, 0.07112, -0.4, -0.1, 0
88.3774, 224.333,0.07112, 0.07112, -0.4, -0.1, 0
125.087, 224.179,0.10668, 0.07112, -0.4, -0.1, 0
165.602, 224.024,0.14224, 0.07112, -0.4, -0.1, 0
29.0857, 261.855,0, 0.10668, -0.4, -0.1, 0
57.7188, 263.12,0.03556, 0.10668, -0.4, -0.1, 0
90.1982, 264.406,0.07112, 0.10668, -0.4, -0.1, 0
126.7, 265.682,0.10668, 0.10668, -0.4, -0.1, 0
166.956, 266.759,0.14224, 0.10668, -0.4, -0.1, 0
32.8135, 298.015,0, 0.14224, -0.4, -0.1, 0
61.3275, 300.649,0.03556, 0.14224, -0.4, -0.1, 0
93.6055, 303.376,0.07112, 0.14224, -0.4, -0.1, 0
129.801, 305.865,0.10668, 0.14224, -0.4, -0.1, 0
169.571, 308.188,0.14224, 0.14224, -0.4, -0.1, 0
477.432, 155.965,0, 0, 0, -0.1, 0.1
510.653, 158.018,0.03556, 0, 0, -0.1, 0.1
541.607, 160.416,0.07112, 0, 0, -0.1, 0.1
570.22, 162.839,0.10668, 0, 0, -0.1, 0.1
596.608, 165.337,0.14224, 0, 0, -0.1, 0.1
477.297, 189.022,0, 0.03556, 0, -0.1, 0.1
510.512, 190.34,0.03556, 0.03556, 0, -0.1, 0.1
541.541, 191.907,0.07112, 0.03556, 0, -0.1, 0.1
570.184, 193.532,0.10668, 0.03556, 0, -0.1, 0.1
596.598, 195.087,0.14224, 0.03556, 0, -0.1, 0.1
476.505, 222.35,0, 0.07112, 0, -0.1, 0.1
509.695, 222.951,0.03556, 0.07112, 0, -0.1, 0.1
540.776, 223.65,0.07112, 0.07112, 0, -0.1, 0.1
569.364, 224.389,0.10668, 0.07112, 0, -0.1, 0.1
595.663, 225.069,0.14224, 0.07112, 0, -0.1, 0.1
475.227, 255.515,0, 0.10668, 0, -0.1, 0.1
508.262, 255.383,0.03556, 0.10668, 0, -0.1, 0.1
539.065, 255.262,0.07112, 0.10668, 0, -0.1, 0.1
567.654, 254.967,0.10668, 0.10668, 0, -0.1, 0.1
593.851, 254.761,0.14224, 0.10668, 0, -0.1, 0.1
473.433, 288.03,0, 0.14224, 0, -0.1, 0.1
506.107, 287.271,0.03556, 0.14224, 0, -0.1, 0.1
536.788, 286.296,0.07112, 0.14224, 0, -0.1, 0.1
565.09, 285.109,0.10668, 0.14224, 0, -0.1, 0.1
591.299, 284.032,0.14224, 0.14224, 0, -0.1, 0.1
373.532, 151.997,0, 0, -0.1, -0.1, 0.1
411.092, 152.998,0.03556, 0, -0.1, -0.1, 0.1
447.548, 154.512,0.07112, 0, -0.1, -0.1, 0.1
482.369, 156.299,0.10668, 0, -0.1, -0.1, 0.1
515.194, 158.463,0.14224, 0, -0.1, -0.1, 0.1
373.127, 186.292,0, 0.03556, -0.1, -0.1, 0.1
410.764, 187.076,0.03556, 0.03556, -0.1, -0.1, 0.1
447.199, 188.087,0.07112, 0.03556, -0.1, -0.1, 0.1
482.154, 189.211,0.10668, 0.03556, -0.1, -0.1, 0.1
515.082, 190.68,0.14224, 0.03556, -0.1, -0.1, 0.1
372.499, 220.903,0, 0.07112, -0.1, -0.1, 0.1
410.036, 221.391,0.03556, 0.07112, -0.1, -0.1, 0.1
446.591, 221.852,0.07112, 0.07112, -0.1, -0.1, 0.1
481.382, 222.422,0.10668, 0.07112, -0.1, -0.1, 0.1
514.239, 223.052,0.14224, 0.07112, -0.1, -0.1, 0.1
371.884, 255.345,0, 0.10668, -0.1, -0.1, 0.1
409.21, 255.447,0.03556, 0.10668, -0.1, -0.1, 0.1
445.413, 255.474,0.07112, 0.10668, -0.1, -0.1, 0.1
479.986, 255.393,0.10668, 0.10668, -0.1, -0.1, 0.1
512.656, 255.303,0.14224, 0.10668, -0.1, -0.1, 0.1
371.149, 289.013,0, 0.14224, -0.1, -0.1, 0.1
407.945, 288.856,0.03556, 0.14224, -0.1, -0.1, 0.1
443.92, 288.429,0.07112, 0.14224, -0.1, -0.1, 0.1
478.108, 287.847,0.10668, 0.14224, -0.1, -0.1, 0.1
510.546, 286.958,0.14224, 0.14224, -0.1, -0.1, 0.1
265.074, 151.549,0, 0, -0.2, -0.1, 0.1
302.636, 151.315,0.03556, 0, -0.2, -0.1, 0.1
340.891, 151.51,0.07112, 0, -0.2, -0.1, 0.1
378.949, 152.223,0.10668, 0, -0.2, -0.1, 0.1
416.384, 153.327,0.14224, 0, -0.2, -0.1, 0.1
264.24, 185.683,0, 0.03556, -0.2, -0.1, 0.1
302.009, 185.659,0.03556, 0.03556, -0.2, -0.1, 0.1
340.231, 185.979,0.07112, 0.03556, -0.2, -0.1, 0.1
378.48, 186.461,0.10668, 0.03556, -0.2, -0.1, 0.1
415.999, 187.259,0.14224, 0.03556, -0.2, -0.1, 0.1
263.914, 220.217,0, 0.07112, -0.2, -0.1, 0.1
301.588, 220.354,0.03556, 0.07112, -0.2, -0.1, 0.1
339.829, 220.627,0.07112, 0.07112, -0.2, -0.1, 0.1
377.984, 220.962,0.10668, 0.07112, -0.2, -0.1, 0.1
415.459, 221.412,0.14224, 0.07112, -0.2, -0.1, 0.1
264.035, 254.486,0, 0.10668, -0.2, -0.1, 0.1
301.439, 254.822,0.03556, 0.10668, -0.2, -0.1, 0.1
339.338, 255.135,0.07112, 0.10668, -0.2, -0.1, 0.1
377.22, 255.31,0.10668, 0.10668, -0.2, -0.1, 0.1
414.438, 255.399,0.14224, 0.10668, -0.2, -0.1, 0.1
264.636, 288.082,0, 0.14224, -0.2, -0.1, 0.1
301.588, 288.607,0.03556, 0.14224, -0.2, -0.1, 0.1
339.085, 288.924,0.07112, 0.14224, -0.2, -0.1, 0.1
376.408, 288.883,0.10668, 0.14224, -0.2, -0.1, 0.1
413.182, 288.683,0.14224, 0.14224, -0.2, -0.1, 0.1
164.97, 154.588,0, 0, -0.3, -0.1, 0.1
198.258, 153.156,0.03556, 0, -0.3, -0.1, 0.1
233.484, 152.199,0.07112, 0, -0.3, -0.1, 0.1
270.296, 151.598,0.10668, 0, -0.3, -0.1, 0.1
308.077, 151.388,0.14224, 0, -0.3, -0.1, 0.1
163.97, 187.255,0, 0.03556, -0.3, -0.1, 0.1
197.341, 186.539,0.03556, 0.03556, -0.3, -0.1, 0.1
232.699, 186.021,0.07112, 0.03556, -0.3, -0.1, 0.1
269.563, 185.732,0.10668, 0.03556, -0.3, -0.1, 0.1
307.38, 185.721,0.14224, 0.03556, -0.3, -0.1, 0.1
163.881, 220.266,0, 0.07112, -0.3, -0.1, 0.1
197.186, 220.167,0.03556, 0.07112, -0.3, -0.1, 0.1
232.429, 220.181,0.07112, 0.07112, -0.3, -0.1, 0.1
269.25, 220.245,0.10668, 0.07112, -0.3, -0.1, 0.1
307.004, 220.385,0.14224, 0.07112, -0.3, -0.1, 0.1
164.627, 253.106,0, 0.10668, -0.3, -0.1, 0.1
197.774, 253.623,0.03556, 0.10668, -0.3, -0.1, 0.1
232.812, 254.097,0.07112, 0.10668, -0.3, -0.1, 0.1
269.371, 254.463,0.10668, 0.10668, -0.3, -0.1, 0.1
306.865, 254.777,0.14224, 0.10668, -0.3, -0.1, 0.1
166.182, 285.325,0, 0.14224, -0.3, -0.1, 0.1
198.959, 286.391,0.03556, 0.14224, -0.3, -0.1, 0.1
233.68, 287.32,0.07112, 0.14224, -0.3, -0.1, 0.1
269.864, 288.058,0.10668, 0.14224, -0.3, -0.1, 0.1
306.94, 288.593,0.14224, 0.14224, -0.3, -0.1, 0.1
81.7803, 159.976,0, 0, -0.4, -0.1, 0.1
108.582, 157.931,0.03556, 0, -0.4, -0.1, 0.1
137.938, 156.122,0.07112, 0, -0.4, -0.1, 0.1
169.448, 154.485,0.10668, 0, -0.4, -0.1, 0.1
203.103, 153.105,0.14224, 0, -0.4, -0.1, 0.1
80.671, 190.354,0, 0.03556, -0.4, -0.1, 0.1
107.595, 189.222,0.03556, 0.03556, -0.4, -0.1, 0.1
136.941, 188.11,0.07112, 0.03556, -0.4, -0.1, 0.1
168.466, 187.233,0.10668, 0.03556, -0.4, -0.1, 0.1
202.185, 186.486,0.14224, 0.03556, -0.4, -0.1, 0.1
80.7575, 220.939,0, 0.07112, -0.4, -0.1, 0.1
107.643, 220.626,0.03556, 0.07112, -0.4, -0.1, 0.1
136.955, 220.422,0.07112, 0.07112, -0.4, -0.1, 0.1
168.369, 220.247,0.10668, 0.07112, -0.4, -0.1, 0.1
202.101, 220.141,0.14224, 0.07112, -0.4, -0.1, 0.1
81.9191, 251.361,0, 0.10668, -0.4, -0.1, 0.1
108.654, 251.935,0.03556, 0.10668, -0.4, -0.1, 0.1
137.835, 252.548,0.07112, 0.10668, -0.4, -0.1, 0.1
169.198, 253.076,0.10668, 0.10668, -0.4, -0.1, 0.1
202.631, 253.604,0.14224, 0.10668, -0.4, -0.1, 0.1
84.0174, 281.298,0, 0.14224, -0.4, -0.1, 0.1
110.622, 282.77,0.03556, 0.14224, -0.4, -0.1, 0.1
139.571, 284.174,0.07112, 0.14224, -0.4, -0.1, 0.1
170.681, 285.34,0.10668, 0.14224, -0.4, -0.1, 0.1
203.857, 286.439,0.14224, 0.14224, -0.4, -0.1, 0.1
451.282, 165.02,0, 0, 0, -0.1, 0.2
479.538, 166.3,0.03556, 0, 0, -0.1, 0.2
506.389, 167.834,0.07112, 0, 0, -0.1, 0.2
531.905, 169.515,0.10668, 0, 0, -0.1, 0.2
555.78, 171.234,0.14224, 0, 0, -0.1, 0.2
451.012, 192.143,0, 0.03556, 0, -0.1, 0.2
479.198, 193.12,0.03556, 0.03556, 0, -0.1, 0.2
506.152, 194.141,0.07112, 0.03556, 0, -0.1, 0.2
531.649, 195.367,0.10668, 0.03556, 0, -0.1, 0.2
555.62, 196.469,0.14224, 0.03556, 0, -0.1, 0.2
450.445, 219.521,0, 0.07112, 0, -0.1, 0.2
478.604, 220.055,0.03556, 0.07112, 0, -0.1, 0.2
505.489, 220.585,0.07112, 0.07112, 0, -0.1, 0.2
530.974, 221.16,0.10668, 0.07112, 0, -0.1, 0.2
554.96, 221.692,0.14224, 0.07112, 0, -0.1, 0.2
449.548, 246.802,0, 0.10668, 0, -0.1, 0.2
477.605, 246.867,0.03556, 0.10668, 0, -0.1, 0.2
504.452, 246.882,0.07112, 0.10668, 0, -0.1, 0.2
529.745, 246.979,0.10668, 0.10668, 0, -0.1, 0.2
553.673, 246.907,0.14224, 0.10668, 0, -0.1, 0.2
448.439, 273.625,0, 0.14224, 0, -0.1, 0.2
476.205, 273.355,0.03556, 0.14224, 0, -0.1, 0.2
502.909, 272.932,0.07112, 0.14224, 0, -0.1, 0.2
528.051, 272.463,0.10668, 0.14224, 0, -0.1, 0.2
551.929, 271.953,0.14224, 0.14224, 0, -0.1, 0.2
365.676, 162.476,0, 0, -0.1, -0.1, 0.2
396.297, 163.111,0.03556, 0, -0.1, -0.1, 0.2
426.258, 164.058,0.07112, 0, -0.1, -0.1, 0.2
455.403, 165.216,0.10668, 0, -0.1, -0.1, 0.2
483.36, 166.613,0.14224, 0, -0.1, -0.1, 0.2
365.27, 190.339,0, 0.03556, -0.1, -0.1, 0.2
395.909, 190.884,0.03556, 0.03556, -0.1, -0.1, 0.2
426, 191.547,0.07112, 0.03556, -0.1, -0.1, 0.2
455.077, 192.339,0.10668, 0.03556, -0.1, -0.1, 0.2
483.119, 193.234,0.14224, 0.03556, -0.1, -0.1, 0.2
364.824, 218.339,0, 0.07112, -0.1, -0.1, 0.2
395.415, 218.675,0.03556, 0.07112, -0.1, -0.1, 0.2
425.379, 219.08,0.07112, 0.07112, -0.1, -0.1, 0.2
454.513, 219.612,0.10668, 0.07112, -0.1, -0.1, 0.2
482.505, 220.073,0.14224, 0.07112, -0.1, -0.1, 0.2
364.342, 246.298,0, 0.10668, -0.1, -0.1, 0.2
394.8, 246.424,0.03556, 0.10668, -0.1, -0.1, 0.2
424.684, 246.616,0.07112, 0.10668, -0.1, -0.1, 0.2
453.573, 246.74,0.10668, 0.10668, -0.1, -0.1, 0.2
481.489, 246.787,0.14224, 0.10668, -0.1, -0.1, 0.2
363.878, 273.859,0, 0.14224, -0.1, -0.1, 0.2
393.994, 273.89,0.03556, 0.14224, -0.1, -0.1, 0.2
423.711, 273.759,0.07112, 0.14224, -0.1, -0.1, 0.2
452.46, 273.499,0.10668, 0.14224, -0.1, -0.1, 0.2
480.111, 273.171,0.14224, 0.14224, -0.1, -0.1, 0.2
277.597, 162.011,0, 0, -0.2, -0.1, 0.2
308.273, 161.91,0.03556, 0, -0.2, -0.1, 0.2
339.206, 162.129,0.07112, 0, -0.2, -0.1, 0.2
370.049, 162.623,0.10668, 0, -0.2, -0.1, 0.2
400.65, 163.3,0.14224, 0, -0.2, -0.1, 0.2
277.062, 189.825,0, 0.03556, -0.2, -0.1, 0.2
307.74, 189.851,0.03556, 0.03556, -0.2, -0.1, 0.2
338.776, 190.072,0.07112, 0.03556, -0.2, -0.1, 0.2
369.685, 190.456,0.10668, 0.03556, -0.2, -0.1, 0.2
400.197, 191.012,0.14224, 0.03556, -0.2, -0.1, 0.2
276.849, 217.815,0, 0.07112, -0.2, -0.1, 0.2
307.436, 217.904,0.03556, 0.07112, -0.2, -0.1, 0.2
338.345, 218.203,0.07112, 0.07112, -0.2, -0.1, 0.2
369.229, 218.421,0.10668, 0.07112, -0.2, -0.1, 0.2
399.802, 218.778,0.14224, 0.07112, -0.2, -0.1, 0.2
276.838, 245.654,0, 0.10668, -0.2, -0.1, 0.2
307.232, 245.874,0.03556, 0.10668, -0.2, -0.1, 0.2
337.992, 246.056,0.07112, 0.10668, -0.2, -0.1, 0.2
368.784, 246.246,0.10668, 0.10668, -0.2, -0.1, 0.2
399.066, 246.373,0.14224, 0.10668, -0.2, -0.1, 0.2
277.009, 273.111,0, 0.14224, -0.2, -0.1, 0.2
307.243, 273.451,0.03556, 0.14224, -0.2, -0.1, 0.2
337.759, 273.72,0.07112, 0.14224, -0.2, -0.1, 0.2
368.153, 273.807,0.10668, 0.14224, -0.2, -0.1, 0.2
398.307, 273.803,0.14224, 0.14224, -0.2, -0.1, 0.2
194.189, 163.657,0, 0, -0.3, -0.1, 0.2
222.408, 162.907,0.03556, 0, -0.3, -0.1, 0.2
251.804, 162.338,0.07112, 0, -0.3, -0.1, 0.2
281.933, 162.053,0.10668, 0, -0.3, -0.1, 0.2
312.6, 162.034,0.14224, 0, -0.3, -0.1, 0.2
193.571, 190.68,0, 0.03556, -0.3, -0.1, 0.2
221.796, 190.179,0.03556, 0.03556, -0.3, -0.1, 0.2
251.123, 189.994,0.07112, 0.03556, -0.3, -0.1, 0.2
281.404, 189.865,0.10668, 0.03556, -0.3, -0.1, 0.2
312.191, 189.891,0.14224, 0.03556, -0.3, -0.1, 0.2
193.49, 217.832,0, 0.07112, -0.3, -0.1, 0.2
221.634, 217.736,0.03556, 0.07112, -0.3, -0.1, 0.2
251.024, 217.76,0.07112, 0.07112, -0.3, -0.1, 0.2
281.118, 217.815,0.10668, 0.07112, -0.3, -0.1, 0.2
311.861, 217.958,0.14224, 0.07112, -0.3, -0.1, 0.2
193.907, 244.898,0, 0.10668, -0.3, -0.1, 0.2
221.948, 245.108,0.03556, 0.10668, -0.3, -0.1, 0.2
251.096, 245.371,0.07112, 0.10668, -0.3, -0.1, 0.2
281.092, 245.669,0.10668, 0.10668, -0.3, -0.1, 0.2
311.68, 245.876,0.14224, 0.10668, -0.3, -0.1, 0.2
194.726, 271.559,0, 0.14224, -0.3, -0.1, 0.2
222.548, 272.168,0.03556, 0.14224, -0.3, -0.1, 0.2
251.468, 272.755,0.07112, 0.14224, -0.3, -0.1, 0.2
281.284, 273.056,0.10668, 0.14224, -0.3, -0.1, 0.2
311.607, 273.388,0.14224, 0.14224, -0.3, -0.1, 0.2
120.92, 166.899,0, 0, -0.4, -0.1, 0.2
145.085, 165.601,0.03556, 0, -0.4, -0.1, 0.2
170.893, 164.51,0.07112, 0, -0.4, -0.1, 0.2
198.004, 163.632,0.10668, 0, -0.4, -0.1, 0.2
226.473, 162.876,0.14224, 0, -0.4, -0.1, 0.2
120.124, 192.476,0, 0.03556, -0.4, -0.1, 0.2
144.419, 191.782,0.03556, 0.03556, -0.4, -0.1, 0.2
170.228, 191.145,0.07112, 0.03556, -0.4, -0.1, 0.2
197.434, 190.664,0.10668, 0.03556, -0.4, -0.1, 0.2
225.911, 190.168,0.14224, 0.03556, -0.4, -0.1, 0.2
120.222, 218.348,0, 0.07112, -0.4, -0.1, 0.2
144.44, 218.057,0.03556, 0.07112, -0.4, -0.1, 0.2
170.206, 217.917,0.07112, 0.07112, -0.4, -0.1, 0.2
197.377, 217.835,0.10668, 0.07112, -0.4, -0.1, 0.2
225.759, 217.761,0.14224, 0.07112, -0.4, -0.1, 0.2
120.837, 244.022,0, 0.10668, -0.4, -0.1, 0.2
145.062, 244.317,0.03556, 0.10668, -0.4, -0.1, 0.2
170.649, 244.568,0.07112, 0.10668, -0.4, -0.1, 0.2
197.78, 244.865,0.10668, 0.10668, -0.4, -0.1, 0.2
226.07, 245.067,0.14224, 0.10668, -0.4, -0.1, 0.2
122.143, 269.391,0, 0.14224, -0.4, -0.1, 0.2
146.124, 270.179,0.03556, 0.14224, -0.4, -0.1, 0.2
171.684, 270.897,0.07112, 0.14224, -0.4, -0.1, 0.2
198.587, 271.59,0.10668, 0.14224, -0.4, -0.1, 0.2
226.648, 272.127,0.14224, 0.14224, -0.4, -0.1, 0.2
385.136, 21.9976,0, 0, -0.1, -0.2, 0
430.412, 24.9064,0.03556, 0, -0.1, -0.2, 0
473.806, 29.4254,0.07112, 0, -0.1, -0.2, 0
514.365, 35.0849,0.10668, 0, -0.1, -0.2, 0
551.797, 41.5413,0.14224, 0, -0.1, -0.2, 0
385.43, 58.87,0, 0.03556, -0.1, -0.2, 0
431.983, 61.5782,0.03556, 0.03556, -0.1, -0.2, 0
476.415, 65.5592,0.07112, 0.03556, -0.1, -0.2, 0
517.774, 70.5288,0.10668, 0.03556, -0.1, -0.2, 0
555.836, 76.2143,0.14224, 0.03556, -0.1, -0.2, 0
385.569, 99.0819,0, 0.07112, -0.1, -0.2, 0
433.095, 101.279,0.03556, 0.07112, -0.1, -0.2, 0
478.323, 104.581,0.07112, 0.07112, -0.1, -0.2, 0
520.383, 108.657,0.10668, 0.07112, -0.1, -0.2, 0
558.796, 113.241,0.14224, 0.07112, -0.1, -0.2, 0
385.486, 141.844,0, 0.10668, -0.1, -0.2, 0
433.721, 143.495,0.03556, 0.10668, -0.1, -0.2, 0
479.464, 145.93,0.07112, 0.10668, -0.1, -0.2, 0
521.899, 148.941,0.10668, 0.10668, -0.1, -0.2, 0
560.612, 152.285,0.14224, 0.10668, -0.1, -0.2, 0
385.167, 186.308,0, 0.14224, -0.1, -0.2, 0
433.639, 187.359,0.03556, 0.14224, -0.1, -0.2, 0
479.63, 188.813,0.07112, 0.14224, -0.1, -0.2, 0
522.182, 190.563,0.10668, 0.14224, -0.1, -0.2, 0
561.028, 192.579,0.14224, 0.14224, -0.1, -0.2, 0
135.398, 34.5724,0, 0, -0.3, -0.2, 0
173.726, 29.1453,0.03556, 0, -0.3, -0.2, 0
215.256, 24.9821,0.07112, 0, -0.3, -0.2, 0
259.322, 22.3538,0.10668, 0, -0.3, -0.2, 0
305.496, 20.811,0.14224, 0, -0.3, -0.2, 0
129.551, 69.7073,0, 0.03556, -0.3, -0.2, 0
168.659, 65.0698,0.03556, 0.03556, -0.3, -0.2, 0
211.17, 61.3365,0.07112, 0.03556, -0.3, -0.2, 0
256.383, 58.8171,0.10668, 0.03556, -0.3, -0.2, 0
303.534, 57.5477,0.14224, 0.03556, -0.3, -0.2, 0
125.065, 107.598,0, 0.07112, -0.3, -0.2, 0
164.646, 103.763,0.03556, 0.07112, -0.3, -0.2, 0
207.751, 100.849,0.07112, 0.07112, -0.3, -0.2, 0
253.832, 98.767,0.10668, 0.07112, -0.3, -0.2, 0
301.85, 97.787,0.14224, 0.07112, -0.3, -0.2, 0
121.885, 147.354,0, 0.10668, -0.3, -0.2, 0
161.762, 144.709,0.03556, 0.10668, -0.3, -0.2, 0
205.274, 142.637,0.07112, 0.10668, -0.3, -0.2, 0
251.94, 141.284,0.10668, 0.10668, -0.3, -0.2, 0
300.567, 140.647,0.14224, 0.10668, -0.3, -0.2, 0
120.305, 188.461,0, 0.14224, -0.3, -0.2, 0
160.173, 187.124,0.03556, 0.14224, -0.3, -0.2, 0
203.938, 186.13,0.07112, 0.14224, -0.3, -0.2, 0
250.739, 185.494,0.10668, 0.14224, -0.3, -0.2, 0
299.693, 185.251,0.14224, 0.14224, -0.3, -0.2, 0
43.9617, 53.4138,0, 0, -0.4, -0.2, 0
72.553, 46.4205,0.03556, 0, -0.4, -0.2, 0
104.79, 39.8102,0.07112, 0, -0.4, -0.2, 0
140.448, 33.7888,0.10668, 0, -0.4, -0.2, 0
179.363, 28.527,0.14224, 0, -0.4, -0.2, 0
37.5079, 85.892,0, 0.03556, -0.4, -0.2, 0
66.3635, 79.9435,0.03556, 0.03556, -0.4, -0.2, 0
98.7099, 74.2919,0.07112, 0.03556, -0.4, -0.2, 0
134.819, 69.0742,0.10668, 0.03556, -0.4, -0.2, 0
174.482, 64.4639,0.14224, 0.03556, -0.4, -0.2, 0
32.6694, 120.333,0, 0.07112, -0.4, -0.2, 0
61.4019, 115.564,0.03556, 0.07112, -0.4, -0.2, 0
94.001, 111.116,0.07112, 0.07112, -0.4, -0.2, 0
130.34, 106.91,0.10668, 0.07112, -0.4, -0.2, 0
170.474, 103.307,0.14224, 0.07112, -0.4, -0.2, 0
29.2085, 156.273,0, 0.10668, -0.4, -0.2, 0
58.03, 152.95,0.03556, 0.10668, -0.4, -0.2, 0
90.6716, 149.757,0.07112, 0.10668, -0.4, -0.2, 0
127.231, 146.873,0.10668, 0.10668, -0.4, -0.2, 0
167.77, 144.324,0.14224, 0.10668, -0.4, -0.2, 0
27.759, 193.041,0, 0.14224, -0.4, -0.2, 0
56.4239, 191.298,0.03556, 0.14224, -0.4, -0.2, 0
89.0295, 189.636,0.07112, 0.14224, -0.4, -0.2, 0
125.716, 188.153,0.10668, 0.14224, -0.4, -0.2, 0
166.274, 186.847,0.14224, 0.14224, -0.4, -0.2, 0
373.619, 60.6336,0, 0, -0.1, -0.2, 0.1
409.719, 62.188,0.03556, 0, -0.1, -0.2, 0.1
444.818, 64.7986,0.07112, 0, -0.1, -0.2, 0.1
478.42, 67.9696,0.10668, 0, -0.1, -0.2, 0.1
510.388, 71.6482,0.14224, 0, -0.1, -0.2, 0.1
373.552, 91.223,0, 0.03556, -0.1, -0.2, 0.1
410.233, 92.6485,0.03556, 0.03556, -0.1, -0.2, 0.1
445.871, 94.8814,0.07112, 0.03556, -0.1, -0.2, 0.1
479.924, 97.6337,0.10668, 0.03556, -0.1, -0.2, 0.1
512.323, 100.895,0.14224, 0.03556, -0.1, -0.2, 0.1
373.335, 123.494,0, 0.07112, -0.1, -0.2, 0.1
410.49, 124.759,0.03556, 0.07112, -0.1, -0.2, 0.1
446.532, 126.484,0.07112, 0.07112, -0.1, -0.2, 0.1
480.942, 128.793,0.10668, 0.07112, -0.1, -0.2, 0.1
513.561, 131.414,0.14224, 0.07112, -0.1, -0.2, 0.1
373.067, 156.984,0, 0.10668, -0.1, -0.2, 0.1
410.501, 157.894,0.03556, 0.10668, -0.1, -0.2, 0.1
446.819, 159.251,0.07112, 0.10668, -0.1, -0.2, 0.1
481.463, 160.951,0.10668, 0.10668, -0.1, -0.2, 0.1
514.185, 162.92,0.14224, 0.10668, -0.1, -0.2, 0.1
372.699, 191.286,0, 0.14224, -0.1, -0.2, 0.1
410.194, 191.879,0.03556, 0.14224, -0.1, -0.2, 0.1
446.659, 192.777,0.07112, 0.14224, -0.1, -0.2, 0.1
481.413, 193.84,0.10668, 0.14224, -0.1, -0.2, 0.1
514.151, 195.042,0.14224, 0.14224, -0.1, -0.2, 0.1
269.499, 60.5238,0, 0, -0.2, -0.2, 0.1
305.559, 59.7334,0.03556, 0, -0.2, -0.2, 0.1
342.318, 59.8453,0.07112, 0, -0.2, -0.2, 0.1
378.785, 60.8371,0.10668, 0, -0.2, -0.2, 0.1
414.851, 62.6785,0.14224, 0, -0.2, -0.2, 0.1
267.554, 90.9831,0, 0.03556, -0.2, -0.2, 0.1
304.27, 90.3627,0.03556, 0.03556, -0.2, -0.2, 0.1
341.628, 90.5146,0.07112, 0.03556, -0.2, -0.2, 0.1
378.802, 91.3856,0.10668, 0.03556, -0.2, -0.2, 0.1
415.424, 92.975,0.14224, 0.03556, -0.2, -0.2, 0.1
266.042, 123.148,0, 0.07112, -0.2, -0.2, 0.1
303.255, 122.722,0.03556, 0.07112, -0.2, -0.2, 0.1
341.052, 122.848,0.07112, 0.07112, -0.2, -0.2, 0.1
378.708, 123.621,0.10668, 0.07112, -0.2, -0.2, 0.1
415.747, 124.936,0.14224, 0.07112, -0.2, -0.2, 0.1
264.918, 156.541,0, 0.10668, -0.2, -0.2, 0.1
302.379, 156.296,0.03556, 0.10668, -0.2, -0.2, 0.1
340.49, 156.404,0.07112, 0.10668, -0.2, -0.2, 0.1
378.434, 156.974,0.10668, 0.10668, -0.2, -0.2, 0.1
415.752, 158.016,0.14224, 0.10668, -0.2, -0.2, 0.1
264.26, 190.659,0, 0.14224, -0.2, -0.2, 0.1
301.844, 190.602,0.03556, 0.14224, -0.2, -0.2, 0.1
340.034, 190.814,0.07112, 0.14224, -0.2, -0.2, 0.1
378.104, 191.246,0.10668, 0.14224, -0.2, -0.2, 0.1
415.501, 191.902,0.14224, 0.14224, -0.2, -0.2, 0.1
172.575, 66.8503,0, 0, -0.3, -0.2, 0.1
204.864, 63.9459,0.03556, 0, -0.3, -0.2, 0.1
238.989, 61.7966,0.07112, 0, -0.3, -0.2, 0.1
274.506, 60.3215,0.10668, 0, -0.3, -0.2, 0.1
310.752, 59.7371,0.14224, 0, -0.3, -0.2, 0.1
169.269, 96.4038,0, 0.03556, -0.3, -0.2, 0.1
202.145, 93.9741,0.03556, 0.03556, -0.3, -0.2, 0.1
236.728, 92.1454,0.07112, 0.03556, -0.3, -0.2, 0.1
272.701, 90.8538,0.10668, 0.03556, -0.3, -0.2, 0.1
309.629, 90.394,0.14224, 0.03556, -0.3, -0.2, 0.1
166.868, 127.378,0, 0.07112, -0.3, -0.2, 0.1
199.89, 125.446,0.03556, 0.07112, -0.3, -0.2, 0.1
234.917, 123.981,0.07112, 0.07112, -0.3, -0.2, 0.1
271.315, 123.037,0.10668, 0.07112, -0.3, -0.2, 0.1
308.693, 122.683,0.14224, 0.07112, -0.3, -0.2, 0.1
165.163, 159.325,0, 0.10668, -0.3, -0.2, 0.1
198.42, 157.979,0.03556, 0.10668, -0.3, -0.2, 0.1
233.524, 156.963,0.07112, 0.10668, -0.3, -0.2, 0.1
270.234, 156.406,0.10668, 0.10668, -0.3, -0.2, 0.1
307.899, 156.208,0.14224, 0.10668, -0.3, -0.2, 0.1
164.251, 192.043,0, 0.14224, -0.3, -0.2, 0.1
197.548, 191.301,0.03556, 0.14224, -0.3, -0.2, 0.1
232.825, 190.8,0.07112, 0.14224, -0.3, -0.2, 0.1
269.558, 190.53,0.10668, 0.14224, -0.3, -0.2, 0.1
307.302, 190.548,0.14224, 0.14224, -0.3, -0.2, 0.1
90.7883, 77.6411,0, 0, -0.4, -0.2, 0.1
117.291, 73.4765,0.03556, 0, -0.4, -0.2, 0.1
146.086, 69.6851,0.07112, 0, -0.4, -0.2, 0.1
176.888, 66.4284,0.10668, 0, -0.4, -0.2, 0.1
209.568, 63.6484,0.14224, 0, -0.4, -0.2, 0.1
86.9569, 105.539,0, 0.03556, -0.4, -0.2, 0.1
113.679, 102.036,0.03556, 0.03556, -0.4, -0.2, 0.1
142.708, 98.8847,0.07112, 0.03556, -0.4, -0.2, 0.1
173.857, 96.0518,0.10668, 0.03556, -0.4, -0.2, 0.1
206.856, 93.6462,0.14224, 0.03556, -0.4, -0.2, 0.1
84.1959, 134.491,0, 0.07112, -0.4, -0.2, 0.1
110.955, 131.763,0.03556, 0.07112, -0.4, -0.2, 0.1
140.051, 129.276,0.07112, 0.07112, -0.4, -0.2, 0.1
171.387, 127.036,0.10668, 0.07112, -0.4, -0.2, 0.1
204.798, 125.136,0.14224, 0.07112, -0.4, -0.2, 0.1
82.2208, 164.371,0, 0.10668, -0.4, -0.2, 0.1
109.057, 162.436,0.03556, 0.10668, -0.4, -0.2, 0.1
138.27, 160.575,0.07112, 0.10668, -0.4, -0.2, 0.1
169.821, 159.072,0.10668, 0.10668, -0.4, -0.2, 0.1
203.353, 157.789,0.14224, 0.10668, -0.4, -0.2, 0.1
81.312, 194.679,0, 0.14224, -0.4, -0.2, 0.1
108.097, 193.582,0.03556, 0.14224, -0.4, -0.2, 0.1
137.329, 192.656,0.07112, 0.14224, -0.4, -0.2, 0.1
168.89, 191.819,0.10668, 0.14224, -0.4, -0.2, 0.1
202.522, 191.115,0.14224, 0.14224, -0.4, -0.2, 0.1
449.61, 90.7643,0, 0, 0, -0.2, 0.2
477.16, 93.01,0.03556, 0, 0, -0.2, 0.2
503.518, 95.7145,0.07112, 0, 0, -0.2, 0.2
528.584, 98.66,0.10668, 0, 0, -0.2, 0.2
552.279, 101.703,0.14224, 0, 0, -0.2, 0.2
450.337, 116.022,0, 0.03556, 0, -0.2, 0.2
478.01, 117.968,0.03556, 0.03556, 0, -0.2, 0.2
504.601, 120.326,0.07112, 0.03556, 0, -0.2, 0.2
529.886, 122.837,0.10668, 0.03556, 0, -0.2, 0.2
553.594, 125.397,0.14224, 0.03556, 0, -0.2, 0.2
450.569, 142.192,0, 0.07112, 0, -0.2, 0.2
478.568, 143.794,0.03556, 0.07112, 0, -0.2, 0.2
505.375, 145.631,0.07112, 0.07112, 0, -0.2, 0.2
530.699, 147.654,0.10668, 0.07112, 0, -0.2, 0.2
554.509, 149.868,0.14224, 0.07112, 0, -0.2, 0.2
450.651, 168.937,0, 0.10668, 0, -0.2, 0.2
478.709, 170.118,0.03556, 0.10668, 0, -0.2, 0.2
505.572, 171.525,0.07112, 0.10668, 0, -0.2, 0.2
531.016, 173.082,0.10668, 0.10668, 0, -0.2, 0.2
554.931, 174.71,0.14224, 0.10668, 0, -0.2, 0.2
450.498, 196.043,0, 0.14224, 0, -0.2, 0.2
478.657, 196.89,0.03556, 0.14224, 0, -0.2, 0.2
505.474, 197.843,0.07112, 0.14224, 0, -0.2, 0.2
530.911, 198.763,0.10668, 0.14224, 0, -0.2, 0.2
554.839, 199.86,0.14224, 0.14224, 0, -0.2, 0.2
366.184, 86.4991,0, 0, -0.1, -0.2, 0.2
395.97, 87.5228,0.03556, 0, -0.1, -0.2, 0.2
425.226, 89.1021,0.07112, 0, -0.1, -0.2, 0.2
453.568, 91.0099,0.10668, 0, -0.1, -0.2, 0.2
480.981, 93.3824,0.14224, 0, -0.1, -0.2, 0.2
365.877, 112.324,0, 0.03556, -0.1, -0.2, 0.2
395.951, 113.266,0.03556, 0.03556, -0.1, -0.2, 0.2
425.555, 114.579,0.07112, 0.03556, -0.1, -0.2, 0.2
454.294, 116.387,0.10668, 0.03556, -0.1, -0.2, 0.2
481.966, 118.42,0.14224, 0.03556, -0.1, -0.2, 0.2
365.62, 139.056,0, 0.07112, -0.1, -0.2, 0.2
395.997, 139.889,0.03556, 0.07112, -0.1, -0.2, 0.2
425.828, 140.978,0.07112, 0.07112, -0.1, -0.2, 0.2
454.638, 142.355,0.10668, 0.07112, -0.1, -0.2, 0.2
482.454, 144.014,0.14224, 0.07112, -0.1, -0.2, 0.2
365.333, 166.521,0, 0.10668, -0.1, -0.2, 0.2
395.851, 167.043,0.03556, 0.10668, -0.1, -0.2, 0.2
425.783, 167.989,0.07112, 0.10668, -0.1, -0.2, 0.2
454.723, 169.009,0.10668, 0.10668, -0.1, -0.2, 0.2
482.72, 170.282,0.14224, 0.10668, -0.1, -0.2, 0.2
364.939, 194.361,0, 0.14224, -0.1, -0.2, 0.2
395.57, 194.785,0.03556, 0.14224, -0.1, -0.2, 0.2
425.518, 195.362,0.07112, 0.14224, -0.1, -0.2, 0.2
454.503, 196.056,0.10668, 0.14224, -0.1, -0.2, 0.2
482.496, 196.958,0.14224, 0.14224, -0.1, -0.2, 0.2
198.808, 89.7969,0, 0, -0.3, -0.2, 0.2
226.395, 88.1521,0.03556, 0, -0.3, -0.2, 0.2
255.032, 86.8693,0.07112, 0, -0.3, -0.2, 0.2
284.472, 86.2092,0.10668, 0, -0.3, -0.2, 0.2
314.43, 85.8176,0.14224, 0, -0.3, -0.2, 0.2
196.835, 115.023,0, 0.03556, -0.3, -0.2, 0.2
224.699, 113.603,0.03556, 0.03556, -0.3, -0.2, 0.2
253.67, 112.56,0.07112, 0.03556, -0.3, -0.2, 0.2
283.366, 111.973,0.10668, 0.03556, -0.3, -0.2, 0.2
313.702, 111.685,0.14224, 0.03556, -0.3, -0.2, 0.2
195.321, 140.981,0, 0.07112, -0.3, -0.2, 0.2
223.421, 139.903,0.03556, 0.07112, -0.3, -0.2, 0.2
252.5, 139.059,0.07112, 0.07112, -0.3, -0.2, 0.2
282.517, 138.678,0.10668, 0.07112, -0.3, -0.2, 0.2
312.993, 138.467,0.14224, 0.07112, -0.3, -0.2, 0.2
194.236, 167.593,0, 0.10668, -0.3, -0.2, 0.2
222.478, 166.822,0.03556, 0.10668, -0.3, -0.2, 0.2
251.732, 166.227,0.07112, 0.10668, -0.3, -0.2, 0.2
281.838, 165.979,0.10668, 0.10668, -0.3, -0.2, 0.2
312.445, 165.917,0.14224, 0.10668, -0.3, -0.2, 0.2
193.77, 194.525,0, 0.14224, -0.3, -0.2, 0.2
221.875, 194.076,0.03556, 0.14224, -0.3, -0.2, 0.2
251.159, 193.917,0.07112, 0.14224, -0.3, -0.2, 0.2
281.315, 193.749,0.10668, 0.14224, -0.3, -0.2, 0.2
312.007, 193.745,0.14224, 0.14224, -0.3, -0.2, 0.2
126.536, 96.4223,0, 0, -0.4, -0.2, 0.2
150.506, 93.8685,0.03556, 0, -0.4, -0.2, 0.2
175.883, 91.5639,0.07112, 0, -0.4, -0.2, 0.2
202.556, 89.6479,0.10668, 0, -0.4, -0.2, 0.2
230.353, 87.9936,0.14224, 0, -0.4, -0.2, 0.2
124.098, 120.5,0, 0.03556, -0.4, -0.2, 0.2
148.232, 118.377,0.03556, 0.03556, -0.4, -0.2, 0.2
173.78, 116.461,0.07112, 0.03556, -0.4, -0.2, 0.2
200.715, 114.729,0.10668, 0.03556, -0.4, -0.2, 0.2
228.704, 113.5,0.14224, 0.03556, -0.4, -0.2, 0.2
122.357, 145.334,0, 0.07112, -0.4, -0.2, 0.2
146.521, 143.57,0.03556, 0.07112, -0.4, -0.2, 0.2
172.196, 142.079,0.07112, 0.07112, -0.4, -0.2, 0.2
199.21, 140.791,0.10668, 0.07112, -0.4, -0.2, 0.2
227.513, 139.735,0.14224, 0.07112, -0.4, -0.2, 0.2
121.142, 170.576,0, 0.10668, -0.4, -0.2, 0.2
145.368, 169.38,0.03556, 0.10668, -0.4, -0.2, 0.2
171.072, 168.293,0.07112, 0.10668, -0.4, -0.2, 0.2
198.163, 167.301,0.10668, 0.10668, -0.4, -0.2, 0.2
226.545, 166.693,0.14224, 0.10668, -0.4, -0.2, 0.2
120.43, 196.27,0, 0.14224, -0.4, -0.2, 0.2
144.753, 195.488,0.03556, 0.14224, -0.4, -0.2, 0.2
170.501, 194.916,0.07112, 0.14224, -0.4, -0.2, 0.2
197.678, 194.326,0.10668, 0.14224, -0.4, -0.2, 0.2
226.098, 193.995,0.14224, 0.14224, -0.4, -0.2, 0.2
